No.,Category,Test Name,Time (sec),Status
1,Vulnerability Scan,test_security_scan_01,1.63,PASSED
2,Vulnerability Scan,test_security_scan_02,1.15,PASSED
3,Vulnerability Scan,test_security_scan_03,2.38,PASSED
4,Vulnerability Scan,test_security_scan_04,0.53,PASSED
5,Vulnerability Scan,test_security_scan_05,1.41,PASSED
6,Vulnerability Scan,test_security_scan_06,1.5,PASSED
7,Vulnerability Scan,test_security_scan_07,0.28,PASSED
8,Vulnerability Scan,test_security_scan_08,0.36,PASSED
9,Vulnerability Scan,test_security_scan_09,2.48,PASSED
10,Vulnerability Scan,test_security_scan_10,0.99,PASSED
11,Vulnerability Scan,test_security_scan_11,2.14,PASSED
12,Vulnerability Scan,test_security_scan_12,0.52,PASSED
13,Vulnerability Scan,test_security_scan_13,0.78,PASSED
14,Vulnerability Scan,test_security_scan_14,1.8,PASSED
15,Vulnerability Scan,test_security_scan_15,1.17,PASSED
16,Vulnerability Scan,test_security_scan_16,0.9,PASSED
17,Vulnerability Scan,test_security_scan_17,2.31,PASSED
18,Vulnerability Scan,test_security_scan_18,1.2,PASSED
19,Vulnerability Scan,test_security_scan_19,0.29,PASSED
20,Vulnerability Scan,test_security_scan_20,0.51,PASSED
21,Vulnerability Scan,test_security_scan_21,1.65,PASSED
22,Vulnerability Scan,test_security_scan_22,1.08,PASSED
23,Vulnerability Scan,test_security_scan_23,1.43,PASSED
24,Vulnerability Scan,test_security_scan_24,1.45,PASSED
25,Vulnerability Scan,test_security_scan_25,0.58,PASSED
26,Vulnerability Scan,test_security_scan_26,0.38,PASSED
27,Vulnerability Scan,test_security_scan_27,2.49,PASSED
28,Vulnerability Scan,test_security_scan_28,2.08,PASSED
29,Vulnerability Scan,test_security_scan_29,2.24,PASSED
30,Vulnerability Scan,test_security_scan_30,1.27,PASSED
31,Vulnerability Scan,test_security_scan_31,0.07,PASSED
32,Vulnerability Scan,test_security_scan_32,0.44,PASSED
33,Vulnerability Scan,test_security_scan_33,2.36,PASSED
34,Vulnerability Scan,test_security_scan_34,0.83,PASSED
35,Vulnerability Scan,test_security_scan_35,2.3,PASSED
36,Vulnerability Scan,test_security_scan_36,1.97,PASSED
37,Vulnerability Scan,test_security_scan_37,0.91,PASSED
38,Vulnerability Scan,test_security_scan_38,0.91,PASSED
39,Vulnerability Scan,test_security_scan_39,0.88,PASSED
40,Vulnerability Scan,test_security_scan_40,0.91,PASSED
41,Vulnerability Scan,test_security_scan_41,0.13,PASSED
42,Vulnerability Scan,test_security_scan_42,2.24,PASSED
43,Vulnerability Scan,test_security_scan_43,2.36,PASSED
44,Vulnerability Scan,test_security_scan_44,2.26,PASSED
45,Vulnerability Scan,test_security_scan_45,1.47,PASSED
46,Vulnerability Scan,test_security_scan_46,2.16,PASSED
47,Vulnerability Scan,test_security_scan_47,2.13,PASSED
48,Vulnerability Scan,test_security_scan_48,1.12,PASSED
49,Vulnerability Scan,test_security_scan_49,0.18,PASSED
50,Vulnerability Scan,test_security_scan_50,1.76,PASSED
51,Vulnerability Scan,test_security_scan_51,2.1,PASSED
52,Vulnerability Scan,test_security_scan_52,1.32,PASSED
53,Vulnerability Scan,test_security_scan_53,2.44,PASSED
54,Vulnerability Scan,test_security_scan_54,1.21,PASSED
55,Vulnerability Scan,test_security_scan_55,0.94,PASSED
56,Vulnerability Scan,test_security_scan_56,2.07,PASSED
57,Vulnerability Scan,test_security_scan_57,2.34,PASSED
58,Vulnerability Scan,test_security_scan_58,1.84,PASSED
59,Vulnerability Scan,test_security_scan_59,0.06,PASSED
60,Vulnerability Scan,test_security_scan_60,0.87,PASSED
61,Vulnerability Scan,test_security_scan_61,1.07,PASSED
62,Vulnerability Scan,test_security_scan_62,1.49,PASSED
63,Vulnerability Scan,test_security_scan_63,1.92,PASSED
64,Vulnerability Scan,test_security_scan_64,1.81,PASSED
65,Vulnerability Scan,test_security_scan_65,1.12,PASSED
66,Vulnerability Scan,test_security_scan_66,0.08,PASSED
67,Vulnerability Scan,test_security_scan_67,2.1,PASSED
68,Vulnerability Scan,test_security_scan_68,0.75,PASSED
69,Vulnerability Scan,test_security_scan_69,1.31,PASSED
70,Vulnerability Scan,test_security_scan_70,1.32,PASSED
71,Vulnerability Scan,test_security_scan_71,1.49,PASSED
72,Vulnerability Scan,test_security_scan_72,0.58,PASSED
73,Vulnerability Scan,test_security_scan_73,1.64,PASSED
74,Vulnerability Scan,test_security_scan_74,0.25,PASSED
75,Vulnerability Scan,test_security_scan_75,0.37,PASSED
76,Vulnerability Scan,test_security_scan_76,1.19,PASSED
77,Vulnerability Scan,test_security_scan_77,0.2,PASSED
78,Vulnerability Scan,test_security_scan_78,1.33,PASSED
79,Vulnerability Scan,test_security_scan_79,1.26,PASSED
80,Vulnerability Scan,test_security_scan_80,2.38,PASSED
81,Vulnerability Scan,test_security_scan_81,0.24,PASSED
82,Vulnerability Scan,test_security_scan_82,0.34,PASSED
83,Vulnerability Scan,test_security_scan_83,0.77,PASSED
84,Vulnerability Scan,test_security_scan_84,0.35,PASSED
85,Vulnerability Scan,test_security_scan_85,1.29,PASSED
86,Vulnerability Scan,test_security_scan_86,0.4,PASSED
87,Vulnerability Scan,test_security_scan_87,0.36,PASSED
88,Vulnerability Scan,test_security_scan_88,0.49,PASSED
89,Vulnerability Scan,test_security_scan_89,0.7,PASSED
90,Vulnerability Scan,test_security_scan_90,0.42,PASSED
91,Vulnerability Scan,test_security_scan_91,0.99,PASSED
92,Vulnerability Scan,test_security_scan_92,1.11,PASSED
93,Vulnerability Scan,test_security_scan_93,2.0,PASSED
94,Vulnerability Scan,test_security_scan_94,1.97,PASSED
95,Vulnerability Scan,test_security_scan_95,1.6,PASSED
96,Vulnerability Scan,test_security_scan_96,1.13,PASSED
97,Vulnerability Scan,test_security_scan_97,1.52,PASSED
98,Vulnerability Scan,test_security_scan_98,1.81,PASSED
99,Vulnerability Scan,test_security_scan_99,0.28,PASSED
100,Vulnerability Scan,test_security_scan_100,2.38,PASSED
101,Vulnerability Scan,test_security_scan_101,0.24,PASSED
102,Vulnerability Scan,test_security_scan_102,0.1,PASSED
103,Vulnerability Scan,test_security_scan_103,0.45,PASSED
104,Vulnerability Scan,test_security_scan_104,1.62,PASSED
105,Vulnerability Scan,test_security_scan_105,2.44,PASSED
106,Vulnerability Scan,test_security_scan_106,2.49,PASSED
107,Vulnerability Scan,test_security_scan_107,0.8,PASSED
108,Vulnerability Scan,test_security_scan_108,0.63,PASSED
109,Vulnerability Scan,test_security_scan_109,1.53,PASSED
110,Vulnerability Scan,test_security_scan_110,2.35,PASSED
111,Vulnerability Scan,test_security_scan_111,0.27,PASSED
112,Vulnerability Scan,test_security_scan_112,0.37,PASSED
113,Vulnerability Scan,test_security_scan_113,2.48,PASSED
114,Vulnerability Scan,test_security_scan_114,1.38,PASSED
115,Vulnerability Scan,test_security_scan_115,1.68,PASSED
116,Vulnerability Scan,test_security_scan_116,2.5,PASSED
117,Vulnerability Scan,test_security_scan_117,0.32,PASSED
118,Vulnerability Scan,test_security_scan_118,2.39,PASSED
119,Vulnerability Scan,test_security_scan_119,0.3,PASSED
120,Vulnerability Scan,test_security_scan_120,1.37,PASSED
121,Vulnerability Scan,test_security_scan_121,1.49,PASSED
122,Vulnerability Scan,test_security_scan_122,0.7,PASSED
123,Vulnerability Scan,test_security_scan_123,0.67,PASSED
124,Vulnerability Scan,test_security_scan_124,1.35,PASSED
125,Vulnerability Scan,test_security_scan_125,1.21,PASSED
126,Vulnerability Scan,test_security_scan_126,1.09,PASSED
127,Vulnerability Scan,test_security_scan_127,1.4,PASSED
128,Vulnerability Scan,test_security_scan_128,1.0,PASSED
129,Vulnerability Scan,test_security_scan_129,1.23,PASSED
130,Vulnerability Scan,test_security_scan_130,1.45,PASSED
131,Vulnerability Scan,test_security_scan_131,0.48,PASSED
132,Vulnerability Scan,test_security_scan_132,0.07,PASSED
133,Vulnerability Scan,test_security_scan_133,1.95,PASSED
134,Vulnerability Scan,test_security_scan_134,2.35,PASSED
135,Vulnerability Scan,test_security_scan_135,1.81,PASSED
136,Vulnerability Scan,test_security_scan_136,0.53,PASSED
137,Vulnerability Scan,test_security_scan_137,1.06,PASSED
138,Vulnerability Scan,test_security_scan_138,1.47,PASSED
139,Vulnerability Scan,test_security_scan_139,1.34,PASSED
140,Vulnerability Scan,test_security_scan_140,1.96,PASSED
141,Vulnerability Scan,test_security_scan_141,1.15,PASSED
142,Vulnerability Scan,test_security_scan_142,2.37,PASSED
143,Vulnerability Scan,test_security_scan_143,2.42,PASSED
144,Vulnerability Scan,test_security_scan_144,0.44,PASSED
145,Vulnerability Scan,test_security_scan_145,2.06,PASSED
146,Vulnerability Scan,test_security_scan_146,0.36,PASSED
147,Vulnerability Scan,test_security_scan_147,1.06,PASSED
148,Vulnerability Scan,test_security_scan_148,1.48,PASSED
149,Vulnerability Scan,test_security_scan_149,1.29,PASSED
150,Vulnerability Scan,test_security_scan_150,1.2,PASSED
151,Vulnerability Scan,test_security_scan_151,0.3,PASSED
152,Vulnerability Scan,test_security_scan_152,1.82,PASSED
153,Vulnerability Scan,test_security_scan_153,1.2,PASSED
154,Vulnerability Scan,test_security_scan_154,1.48,PASSED
155,Vulnerability Scan,test_security_scan_155,1.34,PASSED
156,Vulnerability Scan,test_security_scan_156,2.33,PASSED
157,Vulnerability Scan,test_security_scan_157,0.65,PASSED
158,Vulnerability Scan,test_security_scan_158,1.8,PASSED
159,Vulnerability Scan,test_security_scan_159,2.44,PASSED
160,Vulnerability Scan,test_security_scan_160,0.23,PASSED
161,Vulnerability Scan,test_security_scan_161,0.27,PASSED
162,Vulnerability Scan,test_security_scan_162,1.6,PASSED
163,Vulnerability Scan,test_security_scan_163,2.06,PASSED
164,Vulnerability Scan,test_security_scan_164,1.65,PASSED
165,Vulnerability Scan,test_security_scan_165,0.89,PASSED
166,Vulnerability Scan,test_security_scan_166,2.34,PASSED
167,Vulnerability Scan,test_security_scan_167,2.02,PASSED
168,Vulnerability Scan,test_security_scan_168,0.2,PASSED
169,Vulnerability Scan,test_security_scan_169,1.82,PASSED
170,Vulnerability Scan,test_security_scan_170,1.18,PASSED
171,Vulnerability Scan,test_security_scan_171,0.33,PASSED
172,Vulnerability Scan,test_security_scan_172,0.55,PASSED
173,Vulnerability Scan,test_security_scan_173,1.27,PASSED
174,Vulnerability Scan,test_security_scan_174,0.9,PASSED
175,Vulnerability Scan,test_security_scan_175,1.94,PASSED
176,Vulnerability Scan,test_security_scan_176,1.78,PASSED
177,Vulnerability Scan,test_security_scan_177,1.66,PASSED
178,Vulnerability Scan,test_security_scan_178,0.87,PASSED
179,Vulnerability Scan,test_security_scan_179,1.74,PASSED
180,Vulnerability Scan,test_security_scan_180,0.82,PASSED
181,Vulnerability Scan,test_security_scan_181,1.09,PASSED
182,Vulnerability Scan,test_security_scan_182,0.78,PASSED
183,Vulnerability Scan,test_security_scan_183,1.27,PASSED
184,Vulnerability Scan,test_security_scan_184,1.29,PASSED
185,Vulnerability Scan,test_security_scan_185,0.39,PASSED
186,Vulnerability Scan,test_security_scan_186,0.3,PASSED
187,Vulnerability Scan,test_security_scan_187,1.76,PASSED
188,Vulnerability Scan,test_security_scan_188,1.94,PASSED
189,Vulnerability Scan,test_security_scan_189,0.46,PASSED
190,Vulnerability Scan,test_security_scan_190,2.37,PASSED
191,Vulnerability Scan,test_security_scan_191,0.99,PASSED
192,Vulnerability Scan,test_security_scan_192,2.31,PASSED
193,Vulnerability Scan,test_security_scan_193,1.48,PASSED
194,Vulnerability Scan,test_security_scan_194,0.78,PASSED
195,Vulnerability Scan,test_security_scan_195,1.81,PASSED
196,Vulnerability Scan,test_security_scan_196,0.95,PASSED
197,Vulnerability Scan,test_security_scan_197,2.36,PASSED
198,Vulnerability Scan,test_security_scan_198,1.3,PASSED
199,Vulnerability Scan,test_security_scan_199,1.33,PASSED
200,Vulnerability Scan,test_security_scan_200,2.13,PASSED
201,Vulnerability Scan,test_security_scan_201,0.83,PASSED
202,Vulnerability Scan,test_security_scan_202,1.4,PASSED
203,Vulnerability Scan,test_security_scan_203,2.28,PASSED
204,Vulnerability Scan,test_security_scan_204,1.71,PASSED
205,Vulnerability Scan,test_security_scan_205,2.23,PASSED
206,Vulnerability Scan,test_security_scan_206,2.46,PASSED
207,Vulnerability Scan,test_security_scan_207,1.72,PASSED
208,Vulnerability Scan,test_security_scan_208,2.03,PASSED
209,Vulnerability Scan,test_security_scan_209,1.41,PASSED
210,Vulnerability Scan,test_security_scan_210,2.11,PASSED
211,Vulnerability Scan,test_security_scan_211,0.2,PASSED
212,Vulnerability Scan,test_security_scan_212,0.3,PASSED
213,Vulnerability Scan,test_security_scan_213,0.6,PASSED
214,Vulnerability Scan,test_security_scan_214,2.11,PASSED
215,Vulnerability Scan,test_security_scan_215,1.99,PASSED
216,Vulnerability Scan,test_security_scan_216,1.18,PASSED
217,Vulnerability Scan,test_security_scan_217,0.76,PASSED
218,Vulnerability Scan,test_security_scan_218,2.1,PASSED
219,Vulnerability Scan,test_security_scan_219,2.15,PASSED
220,Vulnerability Scan,test_security_scan_220,2.01,PASSED
221,Vulnerability Scan,test_security_scan_221,0.41,PASSED
222,Vulnerability Scan,test_security_scan_222,1.58,PASSED
223,Vulnerability Scan,test_security_scan_223,0.7,PASSED
224,Vulnerability Scan,test_security_scan_224,1.41,PASSED
225,Vulnerability Scan,test_security_scan_225,0.8,PASSED
226,Vulnerability Scan,test_security_scan_226,2.28,PASSED
227,Vulnerability Scan,test_security_scan_227,0.19,PASSED
228,Vulnerability Scan,test_security_scan_228,1.57,PASSED
229,Vulnerability Scan,test_security_scan_229,1.99,PASSED
230,Vulnerability Scan,test_security_scan_230,1.8,PASSED
231,Vulnerability Scan,test_security_scan_231,1.89,PASSED
232,Vulnerability Scan,test_security_scan_232,1.38,PASSED
233,Vulnerability Scan,test_security_scan_233,0.22,PASSED
234,Vulnerability Scan,test_security_scan_234,1.73,PASSED
235,Vulnerability Scan,test_security_scan_235,1.66,PASSED
236,Vulnerability Scan,test_security_scan_236,1.94,PASSED
237,Vulnerability Scan,test_security_scan_237,2.03,PASSED
238,Vulnerability Scan,test_security_scan_238,1.29,PASSED
239,Vulnerability Scan,test_security_scan_239,1.74,PASSED
240,Vulnerability Scan,test_security_scan_240,1.94,PASSED
241,Vulnerability Scan,test_security_scan_241,2.49,PASSED
242,Vulnerability Scan,test_security_scan_242,0.21,PASSED
243,Vulnerability Scan,test_security_scan_243,0.26,PASSED
244,Vulnerability Scan,test_security_scan_244,0.08,PASSED
245,Vulnerability Scan,test_security_scan_245,1.71,PASSED
246,Vulnerability Scan,test_security_scan_246,2.44,PASSED
247,Vulnerability Scan,test_security_scan_247,1.22,PASSED
248,Vulnerability Scan,test_security_scan_248,2.3,PASSED
249,Vulnerability Scan,test_security_scan_249,1.65,PASSED
250,Vulnerability Scan,test_security_scan_250,2.05,PASSED
251,Vulnerability Scan,test_security_scan_251,1.88,PASSED
252,Vulnerability Scan,test_security_scan_252,0.63,PASSED
253,Vulnerability Scan,test_security_scan_253,1.2,PASSED
254,Vulnerability Scan,test_security_scan_254,0.16,PASSED
255,Vulnerability Scan,test_security_scan_255,2.15,PASSED
256,Vulnerability Scan,test_security_scan_256,1.33,PASSED
257,Vulnerability Scan,test_security_scan_257,0.66,PASSED
258,Vulnerability Scan,test_security_scan_258,2.11,PASSED
259,Vulnerability Scan,test_security_scan_259,2.08,PASSED
260,Vulnerability Scan,test_security_scan_260,0.64,PASSED
261,Vulnerability Scan,test_security_scan_261,1.55,PASSED
262,Vulnerability Scan,test_security_scan_262,2.36,PASSED
263,Vulnerability Scan,test_security_scan_263,0.19,PASSED
264,Vulnerability Scan,test_security_scan_264,1.67,PASSED
265,Vulnerability Scan,test_security_scan_265,1.69,PASSED
266,Vulnerability Scan,test_security_scan_266,0.8,PASSED
267,Vulnerability Scan,test_security_scan_267,1.96,PASSED
268,Vulnerability Scan,test_security_scan_268,2.14,PASSED
269,Vulnerability Scan,test_security_scan_269,0.51,PASSED
270,Vulnerability Scan,test_security_scan_270,1.68,PASSED
271,Vulnerability Scan,test_security_scan_271,1.65,PASSED
272,Vulnerability Scan,test_security_scan_272,1.93,PASSED
273,Vulnerability Scan,test_security_scan_273,0.34,PASSED
274,Vulnerability Scan,test_security_scan_274,1.08,PASSED
275,Vulnerability Scan,test_security_scan_275,1.8,PASSED
276,Vulnerability Scan,test_security_scan_276,1.71,PASSED
277,Vulnerability Scan,test_security_scan_277,1.6,PASSED
278,Vulnerability Scan,test_security_scan_278,1.95,PASSED
279,Vulnerability Scan,test_security_scan_279,0.58,PASSED
280,Vulnerability Scan,test_security_scan_280,0.82,PASSED
281,Vulnerability Scan,test_security_scan_281,1.29,PASSED
282,Vulnerability Scan,test_security_scan_282,1.76,PASSED
283,Vulnerability Scan,test_security_scan_283,2.19,PASSED
284,Vulnerability Scan,test_security_scan_284,1.89,PASSED
285,Vulnerability Scan,test_security_scan_285,1.49,PASSED
286,Vulnerability Scan,test_security_scan_286,1.97,PASSED
287,Vulnerability Scan,test_security_scan_287,0.92,PASSED
288,Vulnerability Scan,test_security_scan_288,0.64,PASSED
289,Vulnerability Scan,test_security_scan_289,0.5,PASSED
290,Vulnerability Scan,test_security_scan_290,1.64,PASSED
291,Vulnerability Scan,test_security_scan_291,0.61,PASSED
292,Vulnerability Scan,test_security_scan_292,1.19,PASSED
293,Vulnerability Scan,test_security_scan_293,2.19,PASSED
294,Vulnerability Scan,test_security_scan_294,0.16,PASSED
295,Vulnerability Scan,test_security_scan_295,0.14,PASSED
296,Vulnerability Scan,test_security_scan_296,2.23,PASSED
297,Vulnerability Scan,test_security_scan_297,2.16,PASSED
298,Vulnerability Scan,test_security_scan_298,2.04,PASSED
299,Vulnerability Scan,test_security_scan_299,1.31,PASSED
300,Vulnerability Scan,test_security_scan_300,0.36,PASSED
301,Vulnerability Scan,test_security_scan_301,1.03,PASSED
302,Vulnerability Scan,test_security_scan_302,2.0,PASSED
303,Vulnerability Scan,test_security_scan_303,0.63,PASSED
304,Vulnerability Scan,test_security_scan_304,0.31,PASSED
305,Vulnerability Scan,test_security_scan_305,1.11,PASSED
306,Vulnerability Scan,test_security_scan_306,1.12,PASSED
307,Vulnerability Scan,test_security_scan_307,2.19,PASSED
308,Vulnerability Scan,test_security_scan_308,1.34,PASSED
309,Vulnerability Scan,test_security_scan_309,1.64,PASSED
310,Vulnerability Scan,test_security_scan_310,2.48,PASSED
311,Vulnerability Scan,test_security_scan_311,2.01,PASSED
312,Vulnerability Scan,test_security_scan_312,0.27,PASSED
313,Vulnerability Scan,test_security_scan_313,0.17,PASSED
314,Vulnerability Scan,test_security_scan_314,1.28,PASSED
315,Vulnerability Scan,test_security_scan_315,0.21,PASSED
316,Vulnerability Scan,test_security_scan_316,0.41,PASSED
317,Vulnerability Scan,test_security_scan_317,0.79,PASSED
318,Vulnerability Scan,test_security_scan_318,2.11,PASSED
319,Vulnerability Scan,test_security_scan_319,2.29,PASSED
320,Vulnerability Scan,test_security_scan_320,2.44,PASSED
321,Vulnerability Scan,test_security_scan_321,0.99,PASSED
322,Vulnerability Scan,test_security_scan_322,1.66,PASSED
323,Vulnerability Scan,test_security_scan_323,0.65,PASSED
324,Vulnerability Scan,test_security_scan_324,1.61,PASSED
325,Vulnerability Scan,test_security_scan_325,1.41,PASSED
326,Vulnerability Scan,test_security_scan_326,2.21,PASSED
327,Vulnerability Scan,test_security_scan_327,1.59,PASSED
328,Vulnerability Scan,test_security_scan_328,1.07,PASSED
329,Vulnerability Scan,test_security_scan_329,0.57,PASSED
330,Vulnerability Scan,test_security_scan_330,1.03,PASSED
331,Vulnerability Scan,test_security_scan_331,0.95,PASSED
332,Vulnerability Scan,test_security_scan_332,1.82,PASSED
333,Vulnerability Scan,test_security_scan_333,0.54,PASSED
334,Vulnerability Scan,test_security_scan_334,1.33,PASSED
335,Vulnerability Scan,test_security_scan_335,0.97,PASSED
336,Vulnerability Scan,test_security_scan_336,2.34,PASSED
337,Vulnerability Scan,test_security_scan_337,2.09,PASSED
338,Vulnerability Scan,test_security_scan_338,0.55,PASSED
339,Vulnerability Scan,test_security_scan_339,1.27,PASSED
340,Vulnerability Scan,test_security_scan_340,0.56,PASSED
341,Vulnerability Scan,test_security_scan_341,1.38,PASSED
342,Vulnerability Scan,test_security_scan_342,0.78,PASSED
343,Vulnerability Scan,test_security_scan_343,2.44,PASSED
344,Vulnerability Scan,test_security_scan_344,1.8,PASSED
345,Vulnerability Scan,test_security_scan_345,1.08,PASSED
346,Vulnerability Scan,test_security_scan_346,1.12,PASSED
347,Vulnerability Scan,test_security_scan_347,2.48,PASSED
348,Vulnerability Scan,test_security_scan_348,1.31,PASSED
349,Vulnerability Scan,test_security_scan_349,1.15,PASSED
350,Vulnerability Scan,test_security_scan_350,1.1,PASSED
351,Vulnerability Scan,test_security_scan_351,2.44,PASSED
352,Vulnerability Scan,test_security_scan_352,1.8,PASSED
353,Vulnerability Scan,test_security_scan_353,1.47,PASSED
354,Vulnerability Scan,test_security_scan_354,0.83,PASSED
355,Vulnerability Scan,test_security_scan_355,2.18,PASSED
356,Vulnerability Scan,test_security_scan_356,1.61,PASSED
357,Vulnerability Scan,test_security_scan_357,1.35,PASSED
358,Vulnerability Scan,test_security_scan_358,1.3,PASSED
359,Vulnerability Scan,test_security_scan_359,0.93,PASSED
360,Vulnerability Scan,test_security_scan_360,0.12,PASSED
361,Vulnerability Scan,test_security_scan_361,0.67,PASSED
362,Vulnerability Scan,test_security_scan_362,0.27,PASSED
363,Vulnerability Scan,test_security_scan_363,2.36,PASSED
364,Vulnerability Scan,test_security_scan_364,0.15,PASSED
365,Vulnerability Scan,test_security_scan_365,1.01,PASSED
366,Vulnerability Scan,test_security_scan_366,1.15,PASSED
367,Vulnerability Scan,test_security_scan_367,2.44,PASSED
368,Vulnerability Scan,test_security_scan_368,0.77,PASSED
369,Vulnerability Scan,test_security_scan_369,2.1,PASSED
370,Vulnerability Scan,test_security_scan_370,0.52,PASSED
371,Vulnerability Scan,test_security_scan_371,0.61,PASSED
372,Vulnerability Scan,test_security_scan_372,0.64,PASSED
373,Vulnerability Scan,test_security_scan_373,0.1,PASSED
374,Vulnerability Scan,test_security_scan_374,1.43,PASSED
375,Vulnerability Scan,test_security_scan_375,0.57,PASSED
376,Vulnerability Scan,test_security_scan_376,1.77,PASSED
377,Vulnerability Scan,test_security_scan_377,0.85,PASSED
378,Vulnerability Scan,test_security_scan_378,1.87,PASSED
379,Vulnerability Scan,test_security_scan_379,1.8,PASSED
380,Vulnerability Scan,test_security_scan_380,1.87,PASSED
381,Vulnerability Scan,test_security_scan_381,2.15,PASSED
382,Vulnerability Scan,test_security_scan_382,0.69,PASSED
383,Vulnerability Scan,test_security_scan_383,0.44,PASSED
384,Vulnerability Scan,test_security_scan_384,1.56,PASSED
385,Vulnerability Scan,test_security_scan_385,1.84,PASSED
386,Vulnerability Scan,test_security_scan_386,0.43,PASSED
387,Vulnerability Scan,test_security_scan_387,0.15,PASSED
388,Vulnerability Scan,test_security_scan_388,0.49,PASSED
389,Vulnerability Scan,test_security_scan_389,0.21,PASSED
390,Vulnerability Scan,test_security_scan_390,2.17,PASSED
391,Vulnerability Scan,test_security_scan_391,2.41,PASSED
392,Vulnerability Scan,test_security_scan_392,1.3,PASSED
393,Vulnerability Scan,test_security_scan_393,0.61,PASSED
394,Vulnerability Scan,test_security_scan_394,0.77,PASSED
395,Vulnerability Scan,test_security_scan_395,1.94,PASSED
396,Vulnerability Scan,test_security_scan_396,0.51,PASSED
397,Vulnerability Scan,test_security_scan_397,0.54,PASSED
398,Vulnerability Scan,test_security_scan_398,2.2,PASSED
399,Vulnerability Scan,test_security_scan_399,0.37,PASSED
400,Vulnerability Scan,test_security_scan_400,1.03,PASSED
401,Vulnerability Scan,test_security_scan_401,2.27,PASSED
402,Vulnerability Scan,test_security_scan_402,2.01,PASSED
403,Vulnerability Scan,test_security_scan_403,2.41,PASSED
404,Vulnerability Scan,test_security_scan_404,1.29,PASSED
405,Vulnerability Scan,test_security_scan_405,0.79,PASSED
406,Vulnerability Scan,test_security_scan_406,0.1,PASSED
407,Vulnerability Scan,test_security_scan_407,1.71,PASSED
408,Vulnerability Scan,test_security_scan_408,1.11,PASSED
409,Vulnerability Scan,test_security_scan_409,1.25,PASSED
410,Vulnerability Scan,test_security_scan_410,0.28,PASSED
411,Vulnerability Scan,test_security_scan_411,1.46,PASSED
412,Vulnerability Scan,test_security_scan_412,2.29,PASSED
413,Vulnerability Scan,test_security_scan_413,1.87,PASSED
414,Vulnerability Scan,test_security_scan_414,1.38,PASSED
415,Vulnerability Scan,test_security_scan_415,0.32,PASSED
416,Vulnerability Scan,test_security_scan_416,1.58,PASSED
417,Vulnerability Scan,test_security_scan_417,1.57,PASSED
418,Vulnerability Scan,test_security_scan_418,2.07,PASSED
419,Vulnerability Scan,test_security_scan_419,1.9,PASSED
420,Vulnerability Scan,test_security_scan_420,1.41,PASSED
421,Vulnerability Scan,test_security_scan_421,2.44,PASSED
422,Vulnerability Scan,test_security_scan_422,2.26,PASSED
423,Vulnerability Scan,test_security_scan_423,2.3,PASSED
424,Vulnerability Scan,test_security_scan_424,0.1,PASSED
425,Vulnerability Scan,test_security_scan_425,0.23,PASSED
426,Vulnerability Scan,test_security_scan_426,0.99,PASSED
427,Vulnerability Scan,test_security_scan_427,2.15,PASSED
428,Vulnerability Scan,test_security_scan_428,2.12,PASSED
429,Vulnerability Scan,test_security_scan_429,0.91,PASSED
430,Vulnerability Scan,test_security_scan_430,0.25,PASSED
431,Vulnerability Scan,test_security_scan_431,1.5,PASSED
432,Vulnerability Scan,test_security_scan_432,0.79,PASSED
433,Vulnerability Scan,test_security_scan_433,1.0,PASSED
434,Vulnerability Scan,test_security_scan_434,1.3,PASSED
435,Vulnerability Scan,test_security_scan_435,1.61,PASSED
436,Vulnerability Scan,test_security_scan_436,1.23,PASSED
437,Vulnerability Scan,test_security_scan_437,2.0,PASSED
438,Vulnerability Scan,test_security_scan_438,0.31,PASSED
439,Vulnerability Scan,test_security_scan_439,1.25,PASSED
440,Vulnerability Scan,test_security_scan_440,1.92,PASSED
441,Vulnerability Scan,test_security_scan_441,0.61,PASSED
442,Vulnerability Scan,test_security_scan_442,1.72,PASSED
443,Vulnerability Scan,test_security_scan_443,0.33,PASSED
444,Vulnerability Scan,test_security_scan_444,0.76,PASSED
445,Vulnerability Scan,test_security_scan_445,1.8,PASSED
446,Vulnerability Scan,test_security_scan_446,1.76,PASSED
447,Vulnerability Scan,test_security_scan_447,1.93,PASSED
448,Vulnerability Scan,test_security_scan_448,1.66,PASSED
449,Vulnerability Scan,test_security_scan_449,0.71,PASSED
450,Vulnerability Scan,test_security_scan_450,0.65,PASSED
451,Vulnerability Scan,test_security_scan_451,1.31,PASSED
452,Vulnerability Scan,test_security_scan_452,0.96,PASSED
453,Vulnerability Scan,test_security_scan_453,0.29,PASSED
454,Vulnerability Scan,test_security_scan_454,1.37,PASSED
455,Vulnerability Scan,test_security_scan_455,0.27,PASSED
456,Vulnerability Scan,test_security_scan_456,0.39,PASSED
457,Vulnerability Scan,test_security_scan_457,2.31,PASSED
458,Vulnerability Scan,test_security_scan_458,1.25,PASSED
459,Vulnerability Scan,test_security_scan_459,1.06,PASSED
460,Vulnerability Scan,test_security_scan_460,0.34,PASSED
461,Vulnerability Scan,test_security_scan_461,0.71,PASSED
